image_width: 1280
image_height: 960
camera_name: default
camera_matrix:
  rows: 3
  cols: 3
  data: [1314.89489, 0, 689.959879, 0, 1318.550332, 421.010322, 0, 0, 1]
distortion_model: plumb_bob
distortion_coefficients:
  rows: 1
  cols: 5
  data: [0.030245, -0.078204, -0.007394, 0.01209, 0]
rectification_matrix:
  rows: 3
  cols: 3
  data: [1, 0, 0, 0, 1, 0, 0, 0, 1]
projection_matrix:
  rows: 3
  cols: 4
  data: [1317.532925, 0, 702.410896, 0, 0, 1330.464861, 414.755601, 0, 0, 0, 1, 0]
